1.01684	5360
1.03789	5896
1.04692	3656
1.04897	3120
1.0507	2616
1.0544	2153
1.05613	1801
1.06272	1560
1.0644	1040
1.06705	1560
1.06705	1744
1.08946	1908
1.10958	2058
1.12971	2197
1.14983	2327
1.15172	2450
1.17089	2567
1.17278	2678
1.19196	2785
1.19385	2888
1.21302	2987
1.21491	3083
1.23315	3176
1.23503	3266
1.25327	3353
1.25516	3438
1.25704	3521
1.27433	3602
1.29456	2680
1.2955	1608
1.2965	1072
1.31856	1340
1.33868	1554
1.35974	1738
1.38081	1903
1.40093	2053
1.42105	2192
1.44117	2323
1.44306	2446
1.46224	2563
1.46413	2675
1.48331	2782
1.48519	2885
1.50437	2984
1.50626	3080
1.52449	3173
1.52638	3263
1.54461	3351
1.5465	3436
1.54839	3519
1.56568	3600
1.56757	3679
1.56946	3757
1.58675	3833
1.58863	3907
1.59052	3980
1.60687	4052
1.60876	4122
1.61064	4191
1.62699	4259
1.62888	4326
1.63076	4392
1.64711	4457
1.649	4521
1.65089	4584
1.65277	4646
1.66818	4707
1.67006	4768
1.67195	4828
1.67384	4887
1.68924	4945
1.69113	5003
1.69302	5060
1.69491	5116
1.70936	5172
1.71125	5227
1.71314	5281
1.71503	5335
1.72948	5388
1.73137	5441
1.73326	5493
1.73515	5545
1.74961	5596
1.75149	5647
1.75338	5697
1.75527	5747
1.75716	5796
1.77067	5845
1.77256	5894
1.77445	5942
1.77634	5990
1.77822	6037
1.79174	6084
1.79363	6131
1.79551	6177
1.7974	6223
1.8022	6269
1.81186	6314
1.81884	6359
1.82716	6404
1.83548	6448
1.8438	6492
1.85212	6536
1.86044	6579
1.86876	6622
1.87708	6665
1.88581	6708
1.89372	6750
1.90204	6792
1.91952	3152
1.9271	2584
1.928	1544
1.93542	1308
1.93632	1008
1.93949	504
1.95961	1308
1.95961	1527
1.98068	1715
2.00174	1882
2.02187	2034
2.04199	2175
2.06211	2307
2.064	2431
2.08317	2549
2.08506	2661
2.10424	2768
2.10613	2871
2.12531	2971
2.12719	3067
2.14543	3160
2.14732	3250
2.16555	3338
2.16744	3424
2.16932	3507
2.18661	3588
2.1885	3668
2.19039	3746
2.20768	3822
2.20957	3897
2.21146	3970
2.22875	4042
2.23063	4113
2.23252	4182
2.24887	4250
2.25076	4317
2.25264	4383
2.26899	4448
2.27088	4512
2.27276	4575
2.27465	4637
2.29005	4698
2.29194	4759
2.29383	4819
2.29572	4878
2.31112	4936
2.31301	4994
2.3149	5051
2.31678	5107
2.33124	5163
2.33313	5218
2.33502	5273
2.33691	5327
2.35136	5380
2.35325	5433
2.35514	5485
2.35618	5537
2.36053	5588
2.37238	5639
2.37717	5689
2.38549	5739
2.39381	5789
2.40213	5838
2.41045	5887
2.41877	5935
2.42709	5983
2.43541	6031
2.44463	6078
2.45205	6125
2.46037	6171
2.47036	6217
2.47701	6263
2.48533	6308
2.49365	6353
2.50197	6398
2.5116	6442
2.51861	6486
2.52693	6530
2.53525	6573
2.54357	6616
2.55284	6659
2.56859	2616
2.57773	2112
2.58438	1576
2.58528	1040
2.58876	536
2.60888	1072
2.60888	1340
2.62995	1554
2.65101	1738
2.67208	1903
2.6922	2053
2.71232	2192
2.73244	2323
2.73433	2446
2.75351	2563
2.7554	2675
2.77457	2782
2.77646	2885
2.79564	2984
2.79753	3080
2.81576	3173
2.81765	3263
2.83588	3351
2.83777	3436
2.84155	3519
2.85695	3600
2.85884	3679
2.86356	3757
2.87801	3833
2.8875	3216
2.89918	2680
2.90395	2144
2.90584	1340
2.90773	1072
2.90862	1340
2.92884	1072
3.90862	536
3.92874	1072
3.92874	1340
3.94981	1554
3.97087	1738
3.99194	1903
4.01206	2053
4.03218	2192
4.0523	2323
4.05419	2446
4.07337	2563
4.07526	2675
4.09444	2782
4.11555	2144
4.1165	1608
4.11744	1072
4.13567	1340
4.15585	1554
4.17691	1738
4.19798	1903
4.2181	2053
4.23822	2192
4.25834	2323
4.26023	2446
4.27941	2563
4.30052	1608
4.30152	1072
4.32065	1340
4.34082	1554
4.36188	1738
4.38295	1903
4.40307	2053
4.42319	2192
4.44332	2323
4.4452	2446
4.46438	2563
4.46627	2675
4.48545	2782
4.48733	2885
4.50651	2984
4.5084	3080
4.52663	3173
4.52852	3263
4.54676	3351
4.54864	3436
4.55053	3519
4.56782	3600
4.56971	3679
4.5716	3757
4.59177	3216
4.59271	2680
4.5946	2144
4.61005	1668
4.611	1340
4.61194	1072
4.61284	1340
4.61284	1554
4.63301	1738
4.65407	1903
4.6742	2053
4.69432	2192
4.71444	2323
4.71633	2446
4.7355	2563
4.73739	2675
4.75657	2782
4.75846	2885
4.77764	2984
4.77952	3080
4.79776	3173
4.79964	3263
4.81788	3351
4.81977	3436
4.82165	3519
4.83894	3600
4.84083	3679
4.84272	3757
4.86001	3833
4.8619	3907
4.86379	3980
4.88013	4052
4.88202	4122
4.88391	4191
4.90025	4259
4.90214	4326
4.90403	4392
4.92037	4457
4.92226	4521
4.92415	4584
4.92604	4646
4.94432	3752
4.94527	3216
4.94621	2680
4.94716	2252
4.96261	1608
4.96539	1786
4.98462	1946
5.00474	2093
5.02486	2230
5.04498	2358
5.04687	2479
5.06605	2594
5.06794	2704
5.08711	2810
5.089	2912
5.10724	3010
5.10912	3105
5.12736	3197
5.12924	3286
5.14748	3373
5.14937	3458
5.15125	3541
5.16854	3622
5.17043	3701
5.17232	3778
5.18961	3854
5.1915	3928
5.19339	4001
5.20973	4072
5.21162	4142
5.21351	4211
5.22985	4279
5.23174	4346
5.23363	4412
5.24997	4477
5.25186	4541
5.25375	4604
5.25564	4666
5.27104	4727
5.27293	4787
5.27482	4847
5.2767	4906
5.29211	4964
5.29399	5021
5.29588	5078
5.29777	5134
5.31223	5189
5.31412	5244
5.316	5298
5.31789	5352
5.33235	5405
5.33424	5458
5.33612	5510
5.33801	5562
5.35247	5613
5.35436	5664
5.35625	5714
5.35813	5764
5.36002	5813
5.37354	5862
5.37542	5911
5.37731	5959
5.3792	6007
5.38109	6054
5.3946	6101
5.39843	5360
5.39937	4824
5.40032	4309
5.40126	3959
5.4022	3608
5.40315	3258
5.41477	2907
5.41572	2412
5.41671	2144
5.41855	2412
5.41855	2531
5.458	1608
5.45895	1072
5.47812	1340
5.49825	1554
5.51931	1738
5.54038	1903
5.5605	2053
5.58062	2192
5.60074	2323
5.60263	2446
5.62181	2563
5.6237	2675
5.64287	2782
5.64476	2885
5.66394	2984
5.66583	3080
5.68406	3173
5.68595	3263
5.70418	3351
5.70607	3436
5.70796	3519
5.72525	3600
5.72714	3679
5.72902	3757
5.74631	3833
5.7482	3907
5.75009	3980
5.76644	4052
5.76832	4122
5.77021	4191
5.78656	4259
5.78844	4326
5.79033	4392
5.80668	4457
5.80857	4521
5.81045	4584
5.81234	4646
5.82774	4707
5.82963	4768
5.83152	4828
5.83341	4887
5.84881	4945
5.8507	5003
5.85259	5060
5.85447	5116
5.86893	5172
5.87082	5227
5.87271	5281
5.8746	5335
5.88905	5388
5.89094	5441
5.89283	5493
5.89472	5545
5.90917	5596
5.91106	5647
5.91295	5697
5.91484	5747
5.91673	5796
5.93024	5845
5.93213	5894
5.93402	5942
5.9359	5990
5.93779	6037
5.95131	6084
5.95319	6131
5.95508	6177
5.95697	6223
5.95886	6269
5.97143	6314
5.97332	6359
5.9752	6404
5.97709	6448
5.97898	6492
5.99155	6536
5.99344	6579
5.99821	5896
5.99915	5360
6.0001	4863
6.00104	4518
6.01172	4174
6.01267	3829
6.01361	3484
6.01455	2680
6.01927	2787
6.03661	2890
6.0385	2989
6.05674	3085
6.05862	3178
6.07686	3268
6.07875	3355
6.09698	3440
6.09887	3523
6.10076	3604
6.11804	3683
6.11993	3761
6.13916	3216
6.14011	2680
6.14105	2144
6.14199	1668
6.14294	1340
6.15839	1072
6.15928	1340
6.15928	1554
6.17946	1738
6.20052	1903
6.22064	2053
6.24076	2192
6.26089	2323
6.26277	2446
6.2825	2563
6.30361	1608
6.30461	1072
6.32373	1340
6.34391	1554
6.36592	1738
6.38698	1903
6.4071	2053
6.42723	2192
6.44735	2323
6.44924	2446
6.46841	2563
6.4703	2675
6.48948	2782
6.49137	2885
6.51054	2984
6.51243	3080
6.5326	2144
6.53355	1608
6.55089	1072
6.55273	1340
6.5729	1554
6.59396	1738
6.61503	1903
6.63515	2053
6.65527	2192
6.6754	2323
6.67728	2446
6.69646	2563
6.69835	2675
6.71753	2782
6.71941	2885
6.73859	2984
6.74048	3080
6.75871	3173
6.7606	3263
6.77884	3351
6.78072	3436
6.78261	3519
6.7999	3600
6.80179	3679
6.80368	3757
6.82097	3833
6.82285	3907
6.82474	3980
6.84109	4052
6.84298	4122
6.84486	4191
6.86121	4259
6.8631	4326
6.88233	3752
6.88327	3216
6.88421	2680
6.88516	2252
6.88615	1608
6.90245	1786
6.92168	1946
6.9418	2093
6.96192	2230
6.98225	2358
6.98413	2479
7.00426	2594
7.00614	2704
7.02627	2810
7.02815	2912
7.04639	3010
7.04828	3105
7.06651	3197
7.0684	3286
7.08663	3373
7.08946	3458
7.09135	3541
7.10864	3622
7.11242	3701
7.1143	3778
7.12971	3854
7.13448	3928
7.13636	4001
7.15559	3216
7.15654	2680
7.15748	2144
7.171	1668
7.17194	1340
7.17482	1072
7.17572	1340
7.17572	1554
7.19589	1738
7.21695	1903
7.23708	2053
7.2572	2192
7.27732	2323
7.27921	2446
7.29838	2563
7.30027	2675
7.31945	2782
7.32134	2885
7.34052	2984
7.3424	3080
7.36064	3173
7.36252	3263
7.38076	3351
7.38265	3436
7.38453	3519
7.40182	3600
7.40371	3679
7.4056	3757
7.42289	3833
7.42478	3907
7.42667	3980
7.44301	4052
7.4449	4122
7.44679	4191
7.46313	4259
7.46502	4326
7.46691	4392
7.48325	4457
7.48514	4521
7.48703	4584
7.48892	4646
7.50432	4707
7.50621	4768
7.5081	4828
7.50998	4887
7.52539	4945
7.52727	5003
7.52916	5060
7.53105	5116
7.54551	5172
7.5474	5227
7.54928	5281
7.55117	5335
7.56563	5388
7.56752	5441
7.5694	5493
7.57129	5545
7.58575	5596
7.58764	5647
7.58953	5697
7.59141	5747
7.5933	5796
7.60682	5845
7.6087	5894
7.61059	5942
7.61248	5990
7.61437	6037
7.62982	5360
7.63076	4824
7.63171	4309
7.63265	3959
7.6336	3608
7.63454	3258
7.63548	2907
7.63643	2412
7.64811	2144
7.64994	2412
7.64994	2531
7.66823	2644
7.67012	2752
7.68929	2856
7.69118	2956
7.70941	3053
7.7113	3147
7.72954	3238
7.73142	3326
7.74966	3412
7.75155	3496
7.75343	3578
7.77072	3658
7.77261	3736
7.7745	3812
7.79179	3887
7.79368	3960
7.79556	4032
7.81191	4103
7.8138	4173
7.81569	4241
7.83224	4308
7.83507	4374
7.83696	4439
7.85236	4503
7.85519	4566
7.87253	3752
7.87541	3216
7.87636	2680
7.87735	1608
7.89842	1786
7.91372	1946
7.93384	2093
7.95396	2230
7.97408	2358
7.97597	2479
7.99515	2594
7.99704	2704
8.01621	2810
8.0181	2912
8.03634	3010
8.03822	3105
8.05646	3197
8.05835	3286
8.07658	3373
8.07847	3458
8.08036	3541
8.0977	3622
8.09958	3701
8.10147	3778
8.11876	3854
8.12065	3928
8.12254	4001
8.13888	4072
8.14172	4142
8.1436	4211
8.159	4279
8.16184	4346
8.16372	4412
8.17913	4477
8.18196	4541
8.18385	4604
8.18573	4666
8.20114	4727
8.20397	4787
8.22131	3752
8.2232	3216
8.22508	2680
8.22603	2252
8.22697	1608
8.24232	1786
8.24898	1946
8.2691	2093
8.28923	2230
8.30935	2358
8.31124	2479
8.33041	2594
8.3323	2704
8.35148	2810
8.35337	2912
8.3716	3010
8.37349	3105
8.39172	3197
8.39361	3286
8.41184	3373
8.41373	3458
8.41562	3541
8.4338	3622
8.43569	3701
8.43758	3778
8.45487	3854
8.45676	3928
8.45864	4001
8.47499	4072
8.47688	4142
8.47876	4211
8.49511	4279
8.497	4346
8.51528	3752
8.51623	3216
8.51717	2680
8.51812	2252
8.51906	1608
8.5363	1786
8.54107	1946
8.56119	2093
8.58131	2230
8.60143	2358
8.60332	2479
8.6225	2594
8.62439	2704
8.64356	2810
8.64545	2912
8.66369	3010
8.66557	3105
8.68381	3197
8.6857	3286
8.70393	3373
8.70582	3458
8.70771	3541
8.725	3622
8.72688	3701
8.72972	3778
8.74606	3854
8.74795	3928
8.75172	4001
8.76618	4072
8.76807	4142
8.7873	3216
8.78824	2680
8.78919	2144
8.79396	1668
8.79585	1340
8.80653	1072
8.80742	1340
8.80742	1554
8.82759	1738
8.84866	1903
8.86878	2053
8.8889	2192
8.90902	2323
8.91091	2446
8.93009	2563
8.93198	2675
8.95116	2782
8.95304	2885
8.97222	2984
8.97411	3080
8.99234	3173
8.99423	3263
9.01246	3351
9.01435	3436
9.01624	3519
9.03353	3600
9.03542	3679
9.03731	3757
9.0546	3833
9.05648	3907
9.05837	3980
9.07472	4052
9.0766	4122
9.07849	4191
9.09678	3216
9.09772	2680
9.09867	2144
9.09961	1668
9.11506	1340
9.11601	1072
9.1169	1340
9.1169	1554
9.13707	1738
9.15814	1903
9.20037	1072
9.22049	1340
9.24067	1554
9.26173	1738
9.30302	1072
9.32314	1340
9.34326	1554
9.36433	1738
9.3854	1903
9.40552	2053
9.42605	2192
9.44618	2323
9.44901	2446
9.46724	2563
9.47018	2675
9.48831	2782
9.49124	2885
9.50937	2984
9.5122	3080
9.52949	3173
9.53233	3263
9.54962	3351
9.55245	3436
9.55528	3519
9.57068	3600
9.57446	3679
9.57729	3757
9.59175	3833
9.59647	3907
9.60024	3980
9.61187	4052
9.61659	4122
9.62036	4191
9.63199	4259
9.63671	4326
9.64049	4392
9.65211	4457
9.65683	4521
9.66061	4584
9.66344	4646
9.67318	4707
9.67884	4768
9.68262	4828
9.68545	4887
9.69424	4945
9.70657	4288
9.70751	3752
9.70845	3216
9.71442	2827
9.71536	2461
9.72386	1876
9.72574	1608
9.72947	1876
9.72947	2029
9.74681	2170
9.76693	2302
9.76882	2426
9.788	2544
9.78988	2656
9.80906	2764
9.81095	2867
9.83013	2967
9.83202	3063
9.85025	3156
9.85214	3247
9.87037	3335
9.87226	3421
9.87415	3504
9.89144	3585
9.89332	3665
9.89521	3743
9.9125	3819
9.91439	3894
9.91628	3967
9.93357	4039
9.93546	4110
9.93734	4179
9.95369	4247
9.95558	4314
9.95747	4380
9.97381	4445
9.9757	4509
9.97759	4572
9.97948	4634
9.99488	4695
9.99676	4756
9.99865	4816
10.0005	4875
10.0159	4933
10.0178	4991
10.0197	5048
10.0216	5104
10.0361	5160
10.038	5215
10.0398	5270
10.0417	5324
10.0562	5377
10.0581	5430
10.06	5482
10.0618	5534
10.0763	5585
10.0782	5636
10.0801	5686
10.082	5736
10.0839	5786
10.0974	5835
10.0993	5884
10.1011	5932
10.103	5980
10.1049	6028
10.1184	6075
10.1203	6122
10.1222	6168
10.1241	6214
10.126	6260
10.1386	6305
10.1404	6350
10.1423	6395
10.1442	6439
10.1461	6483
10.1587	6527
10.1606	6571
10.1625	6614
10.1643	6657
10.1662	6700
10.1681	6742
10.1797	6784
10.1816	6826
