1.01684	5360
1.03789	5896
1.04692	3656
1.04897	3120
1.0507	2616
1.0544	2080
1.05613	1576
1.06272	1072
1.0644	1040
1.06705	1072
1.06705	1340
1.08946	1554
1.11053	1738
1.13159	1903
1.15172	2053
1.17184	2192
1.19196	2323
1.19385	2446
1.21302	2563
1.21491	2675
1.23409	2782
1.23598	2885
1.25516	2984
1.25704	3080
1.27528	3173
1.27716	3263
1.2954	3351
1.29729	3436
1.31746	2144
1.3184	1608
1.33574	1072
1.35681	1340
1.37693	1554
1.398	1738
1.41906	1903
1.43918	2053
1.45931	2192
1.47943	2323
1.48132	2446
1.50049	2563
1.50238	2675
1.52156	2782
1.52345	2885
1.54262	2984
1.54451	3080
1.56275	3173
1.56463	3263
1.58287	3351
1.58476	3436
1.58664	3519
1.60393	3600
1.60582	3679
1.60771	3757
1.625	3833
1.62689	3907
1.62877	3980
1.64512	4052
1.64701	4122
1.6489	4191
1.66524	4259
1.66713	4326
1.66902	4392
1.68536	4457
1.68725	4521
1.68914	4584
1.69103	4646
1.70643	4707
1.70832	4768
1.7102	4828
1.71209	4887
1.72749	4945
1.72938	5003
1.73127	5060
1.73316	5116
1.74762	5172
1.7495	5227
1.75139	5281
1.75328	5335
1.76774	5388
1.76963	5441
1.77151	5493
1.7734	5545
1.78786	5596
1.78975	5647
1.79164	5697
1.79352	5747
1.79541	5796
1.81181	4824
1.81275	4288
1.8137	3752
1.81464	3216
1.81558	2680
1.81653	2144
1.83009	1698
1.83104	1072
1.83287	1340
1.85305	1554
1.87411	1738
1.89518	1903
1.9153	2053
1.93542	2192
1.95554	2323
1.95743	2446
1.97661	2563
1.99772	1608
1.99872	1072
2.01785	1340
2.03802	1554
2.05908	1738
2.08015	1903
2.10027	2053
2.12039	2192
2.14052	2323
2.1424	2446
2.16158	2563
2.20193	1608
2.20287	1072
2.22205	1340
2.24217	1554
2.26324	1738
2.2843	1903
2.30442	2053
2.32454	2192
2.34467	2323
2.34655	2446
2.36649	2563
2.36838	2675
2.38756	2782
2.38945	2885
2.40862	2984
2.41051	3080
2.42875	3173
2.43063	3263
2.44887	3351
2.45076	3436
2.45264	3519
2.46993	3600
2.47182	3679
2.47371	3757
2.491	3833
2.49289	3907
2.49477	3980
2.51112	4052
2.51301	4122
2.5149	4191
2.53124	4259
2.53313	4326
2.53502	4392
2.55136	4457
2.55325	4521
2.55514	4584
2.55703	4646
2.57348	4707
2.57536	4768
2.57725	4828
2.57914	4887
2.59454	4945
2.59643	5003
2.60026	4288
2.6012	3752
2.61471	3216
2.61566	2680
2.6166	2144
2.61755	1657
2.61854	1072
2.62038	1340
2.64055	1554
2.66162	1738
2.68268	1903
2.7028	2053
2.72292	2192
2.74499	1608
2.76327	1072
2.76511	1340
2.78528	1554
2.80635	1738
2.82741	1903
2.84753	2053
2.86765	2192
2.88778	2323
2.88966	2446
2.90884	2563
2.91073	2675
2.92991	2782
2.9318	2885
2.95097	2984
2.95286	3080
2.97109	3173
2.97298	3263
2.9941	2680
2.99504	2144
3.01238	1608
3.01333	1072
3.97298	536
3.9931	1072
3.9931	1340
4.0149	1554
4.03691	1738
4.05798	1903
4.0781	2053
4.09822	2192
4.11834	2323
4.12023	2446
4.14035	2563
4.14224	2675
4.16236	2782
4.16425	2885
4.18348	2984
4.18537	3080
4.2036	3173
4.20549	3263
4.22372	3351
4.22561	3436
4.2275	3519
4.24479	3600
4.24668	3679
4.24856	3757
4.26585	3833
4.26774	3907
4.26963	3980
4.28597	4052
4.28786	4122
4.28975	4191
4.3061	4259
4.30798	4326
4.30987	4392
4.32622	4457
4.32811	4521
4.32999	4584
4.33188	4646
4.34728	4707
4.34917	4768
4.3694	3752
4.37034	3216
4.37228	1608
4.37322	1072
4.40969	1340
4.42981	1554
4.45088	1738
4.47194	1903
4.49206	2053
4.51219	2192
4.53231	2323
4.5342	2446
4.55337	2563
4.55526	2675
4.57538	2782
4.57727	2885
4.59645	2984
4.59834	3080
4.61657	3173
4.61846	3263
4.63669	3351
4.63858	3436
4.64047	3519
4.65786	3600
4.65975	3679
4.66164	3757
4.67892	3833
4.68081	3907
4.6827	3980
4.69905	4052
4.70093	4122
4.70282	4191
4.71917	4259
4.72106	4326
4.72294	4392
4.73929	4457
4.74118	4521
4.74307	4584
4.74495	4646
4.7613	4707
4.76319	4768
4.76508	4828
4.76696	4887
4.78331	4945
4.7852	5003
4.78708	5060
4.78897	5116
4.80537	4288
4.80631	3752
4.80726	3216
4.8082	2680
4.80915	2144
4.81009	1657
4.82365	1072
4.82549	1340
4.84566	1554
4.86757	1738
4.88864	1903
4.90876	2053
4.92888	2192
4.949	2323
4.95089	2446
4.97101	2563
4.97384	2675
4.99302	2782
4.99491	2885
5.01409	2984
5.01597	3080
5.03421	3173
5.0361	3263
5.05433	3351
5.05622	3436
5.05811	3519
5.07634	3600
5.07823	3679
5.08012	3757
5.0974	3833
5.09929	3907
5.10118	3980
5.11753	4052
5.11941	4122
5.1213	4191
5.13765	4259
5.13954	4326
5.14142	4392
5.15777	4457
5.15966	4521
5.16155	4584
5.16343	4646
5.17884	4707
5.18072	4768
5.18261	4828
5.1845	4887
5.1999	4945
5.20179	5003
5.20368	5060
5.20556	5116
5.22002	5172
5.22191	5227
5.2238	5281
5.22569	5335
5.24014	5388
5.24203	5441
5.24392	5493
5.24581	5545
5.26027	5596
5.26215	5647
5.26404	5697
5.26593	5747
5.26782	5796
5.28133	5845
5.28322	5894
5.28511	5942
5.287	5990
5.28888	6037
5.3024	6084
5.30428	6131
5.30617	6177
5.30806	6223
5.30995	6269
5.32252	6314
5.32441	6359
5.32629	6404
5.32818	6448
5.33007	6492
5.34264	6536
5.34453	6579
5.34642	6622
5.3483	6665
5.35019	6708
5.35208	6750
5.36371	6792
5.36559	6834
5.36748	6876
5.36937	6917
5.37126	6958
5.37315	6999
5.38477	7040
5.38666	7080
5.38855	7120
5.39044	7160
5.39232	7200
5.39421	7239
5.40489	7278
5.40678	7317
5.40867	7356
5.41056	7395
5.41244	7433
5.41433	7471
5.42501	7509
5.4269	7547
5.42879	7585
5.43068	7622
5.43257	7659
5.43445	7696
5.44514	7733
5.44702	7770
5.44891	7806
5.4508	7842
5.45269	7878
5.45458	7914
5.45646	7950
5.4662	7986
5.46809	8021
5.46998	8056
5.47187	8091
5.47375	8126
5.47564	8161
5.47753	8196
5.48727	8231
5.48916	8265
5.49298	7504
5.49393	6968
5.49487	6432
5.49581	5896
5.49676	5360
5.4977	4824
5.49865	4288
5.50053	3752
5.50744	3248
5.50838	2775
5.50933	2302
5.51027	1829
5.51127	1072
5.5131	1340
5.53328	1554
5.55434	1738
5.57541	1903
5.59553	2053
5.61565	2192
5.63577	2323
5.63766	2446
5.65684	2563
5.65873	2675
5.6779	2782
5.67979	2885
5.69897	2984
5.70086	3080
5.71909	3173
5.72098	3263
5.73921	3351
5.7411	3436
5.74299	3519
5.76028	3600
5.76217	3679
5.76405	3757
5.78134	3833
5.78323	3907
5.78512	3980
5.80147	4052
5.80335	4122
5.80524	4191
5.82159	4259
5.82348	4326
5.82536	4392
5.84171	4457
5.8436	4521
5.84548	4584
5.84737	4646
5.86277	4707
5.86466	4768
5.86655	4828
5.86844	4887
5.88384	4945
5.88573	5003
5.88762	5060
5.8895	5116
5.90396	5172
5.90585	5227
5.90774	5281
5.90963	5335
5.92408	5388
5.92597	5441
5.92786	5493
5.9452	4824
5.94614	4288
5.94709	3752
5.94803	3216
5.94898	2680
5.94992	2144
5.95092	1698
5.95186	1072
5.96532	1340
5.98549	1554
6.00656	1738
6.02763	1903
6.04775	2053
6.06787	2192
6.08799	2323
6.08988	2446
6.10906	2563
6.11094	2675
6.13012	2782
6.13201	2885
6.15119	2984
6.15308	3080
6.17131	3173
6.1732	3263
6.19143	3351
6.19332	3436
6.19521	3519
6.2125	3600
6.21438	3679
6.21722	3757
6.23356	3833
6.23545	3907
6.23923	3980
6.25368	4052
6.26129	3216
6.27386	2680
6.2748	2144
6.27674	1608
6.27768	1072
6.34193	536
6.36205	1072
6.36205	1340
6.42351	536
6.44363	1072
6.44363	1340
6.66375	1554
6.72427	536
6.74439	1072
6.74439	1340
6.76546	1554
6.78652	1738
6.80759	1903
6.82771	2053
6.84783	2192
6.86796	2323
6.86984	2446
6.88902	2563
6.89091	2675
6.91009	2782
6.91197	2885
6.93115	2984
6.93304	3080
6.95127	3173
6.95316	3263
6.9714	3351
6.97328	3436
6.99346	2680
6.9944	2144
7.01174	1608
7.01268	1072
7.01452	1340
7.03469	1554
7.05576	1738
7.07683	1903
7.09695	2053
7.11707	2192
7.13719	2323
7.13908	2446
7.15826	2563
7.16014	2675
7.17932	2782
7.18121	2885
7.20039	2984
7.20228	3080
7.22339	2144
7.24168	1608
7.24262	1072
7.24446	1340
7.26463	1554
7.2857	1738
7.30676	1903
7.32688	2053
7.347	2192
7.36713	2323
7.36901	2446
7.38819	2563
7.39008	2675
7.4112	1608
7.42948	1072
7.43132	1340
7.45149	1554
7.47256	1738
7.49362	1903
7.51374	2053
7.53387	2192
7.55399	2323
7.55588	2446
7.57505	2563
7.57694	2675
7.59612	2782
7.59801	2885
7.61718	2984
7.61907	3080
7.63731	3173
7.63919	3263
7.65743	3351
7.65932	3436
7.6612	3519
7.68138	2680
7.68232	2144
7.69966	1608
7.7006	1072
7.70244	1340
7.72261	1554
7.74368	1738
7.76475	1903
7.78487	2053
7.80499	2192
7.82511	2323
7.827	2446
7.84618	2563
7.84806	2675
7.86724	2782
7.86913	2885
7.88831	2984
7.8902	3080
7.90843	3173
7.91032	3263
7.92855	3351
7.93044	3436
7.93233	3519
7.94962	3600
7.9515	3679
7.95339	3757
7.97068	3833
7.97257	3907
7.97446	3980
7.9908	4052
7.99269	4122
7.99458	4191
8.01092	4259
8.01281	4326
8.0147	4392
8.03105	4457
8.03293	4521
8.03676	3752
8.05122	3216
8.05216	2680
8.05311	2144
8.05405	1608
8.05604	1072
9.03293	536
9.0532	1072
9.0532	1340
9.09344	1554
9.11451	1738
9.13557	1903
9.1557	2053
9.17582	2192
9.19594	2323
9.19783	2446
9.217	2563
9.21889	2675
9.25924	1608
9.26018	1072
9.27936	1340
9.29948	1554
9.32055	1738
9.34161	1903
9.36173	2053
9.38186	2192
9.40198	2323
9.40387	2446
9.42304	2563
9.42493	2675
9.44411	2782
9.446	2885
9.46517	2984
9.46706	3080
9.4853	3173
9.48718	3263
9.50542	3351
9.50731	3436
9.50919	3519
9.52648	3600
9.52837	3679
9.53026	3757
9.54755	3833
9.54944	3907
9.55132	3980
9.56767	4052
9.56956	4122
9.57145	4191
9.58779	4259
9.58968	4326
9.59157	4392
9.60791	4457
9.6098	4521
9.61169	4584
9.61358	4646
9.62898	4707
9.63087	4768
9.63276	4828
9.63464	4887
9.65004	4945
9.65193	5003
9.65382	5060
9.65571	5116
9.67017	5172
9.67205	5227
9.67394	5281
9.67583	5335
9.69029	5388
9.69218	5441
9.69406	5493
9.69595	5545
9.71041	5596
9.7123	5647
9.71419	5697
9.71607	5747
9.71796	5796
9.73148	5845
9.73336	5894
9.7362	5942
9.73808	5990
9.73997	6037
9.75254	6084
9.75443	6131
9.75731	6177
9.76208	5360
9.77271	4824
9.77366	4288
9.7746	3752
9.77555	3216
9.77748	2680
9.77843	2186
9.78037	1732
9.78131	1072
9.78315	1340
9.80332	1554
9.82439	1738
9.84545	1903
9.86557	2053
9.8857	2192
9.90582	2323
9.90771	2446
9.92688	2563
9.92877	2675
9.96912	1608
9.97006	1072
9.98924	1340
10.0094	1554
10.0304	1738
10.0515	1903
10.0716	2053
10.0917	2192
10.1119	2323
10.1137	2446
10.1329	2563
10.154	1608
10.155	1072
10.1742	1340
10.1943	1554
10.2154	1738
10.2365	1903
10.2566	2053
10.2767	2192
10.2968	2323
10.2987	2446
10.3179	2563
10.3198	2675
10.339	2782
10.3408	2885
10.36	2984
10.3619	3080
10.3801	3173
10.382	3263
10.4003	3351
10.4022	3436
10.404	3519
10.4213	3600
10.4232	3679
10.4251	3757
10.4424	3833
10.4443	3907
10.4462	3980
10.4625	4052
10.4644	4122
10.4663	4191
10.4826	4259
10.4845	4326